  1 8 6
    3 6 5
      5 4 4
        7 2 3
        0
      0
      6 3 3
        7 2 2
        0
      0
      7 0 0
      1
    1
    4 5 4
      5 4 3
        7 2 2
        0
      0
      6 3 2
        7 2 1
        0
      0
    0
    5 2 1
      7 0 0
      1
    1
  2
  2 7 5
    3 6 4
      5 4 3
        7 2 2
        0
      0
      6 3 2
        7 2 1
        0
      0
    0
    4 5 3
      5 4 2
        7 2 1
        0
      0
      6 3 1
        7 2 0
        0
      0
    0
    5 2 0
    0
  0
  3 4 2
    5 2 1
      7 0 0
      1
    1
    6 1 0
    0
  1
 10 10
              0
            0
            17 1 1
            0
          0
          13 18 18
            16 15 17
            0
            17 13 15
            0
          0
          14 15 15
            16 13 14
            0
            17 11 12
            0
          0
          15 9 9
            16 8 8
              17 7 7
              0
            0
            17 6 6
            0
          0
        0
        12 19 19
          13 18 18
            16 15 17
            0
            17 13 15
            0
          0
          14 17 17
            16 15 16
            0
            17 13 14
            0
          0
          15 15 15
            16 14 14
              17 13 13
              0
            0
            17 12 12
            0
          0
          16 10 10
            17 9 9
            0
          0
          17 0 0
          1
        1
        13 15 15
          16 12 14
          0
          17 10 12
          0
        0
        14 8 8
          16 6 7
          0
          17 4 5
          0
        0
      1
      11 20 20
        12 19 19
          13 18 18
            16 15 17
            0
            17 13 15
            0
          0
          14 17 17
            16 15 16
            0
            17 13 14
            0
          0
          15 15 15
            16 14 14
              17 13 13
              0
            0
            17 12 12
            0
          0
          16 10 10
            17 9 9
            0
          0
          17 0 0
          1
        1
        13 17 17
          16 14 16
          0
          17 12 14
          0
        0
        14 14 14
          16 12 13
          0
          17 10 11
          0
        0
        15 8 8
          16 7 7
            17 6 6
            0
          0
          17 5 5
          0
        0
      1
      12 16 16
        13 15 15
          16 12 14
          0
          17 10 12
          0
        0
        14 14 14
          16 12 13
          0
          17 10 11
          0
        0
        15 12 12
          16 11 11
            17 10 10
            0
          0
          17 9 9
          0
        0
        16 7 7
          17 6 6
          0
        0
      0
      13 8 8
        16 5 7
        0
        17 3 5
        0
      0
    2
    9 22 21
      10 21 20
        11 20 19
          12 19 18
            13 18 17
              16 15 16
              0
              17 13 14
              0
            0
            14 17 16
              16 15 15
                17 14 14
                0
              0
              17 13 13
              0
            0
            15 15 14
              16 14 13
                17 13 12
                0
              0
              17 12 11
              0
            0
            16 10 9
              17 9 8
              0
            0
          0
          13 17 16
            16 14 15
            0
            17 12 13
            0
          0
          14 14 13
            16 12 12
              17 11 11
              0
            0
            17 10 10
            0
          0
          15 8 7
            16 7 6
              17 6 5
              0
            0
            17 5 4
            0
          0
        0
        12 18 17
          13 17 16
            16 14 15
            0
            17 12 13
            0
          0
          14 16 15
            16 14 14
              17 13 13
              0
            0
            17 12 12
            0
          0
          15 14 13
            16 13 12
              17 12 11
              0
            0
            17 11 10
            0
          0
          16 9 8
            17 8 7
            0
          0
        0
        13 14 13
          16 11 12
          0
          17 9 10
          0
        0
        14 7 6
          16 5 5
            17 4 4
            0
          0
          17 3 3
          0
        0
      0
      11 19 18
        12 18 17
          13 17 16
            16 14 15
            0
            17 12 13
            0
          0
          14 16 15
            16 14 14
              17 13 13
              0
            0
            17 12 12
            0
          0
          15 14 13
            16 13 12
              17 12 11
              0
            0
            17 11 10
            0
          0
          16 9 8
            17 8 7
            0
          0
        0
        13 16 15
          16 13 14
          0
          17 11 12
          0
        0
        14 13 12
          16 11 11
            17 10 10
            0
          0
          17 9 9
          0
        0
        15 7 6
          16 6 5
            17 5 4
            0
          0
          17 4 3
          0
        0
      0
      12 15 14
        13 14 13
          16 11 12
          0
          17 9 10
          0
        0
        14 13 12
          16 11 11
            17 10 10
            0
          0
          17 9 9
          0
        0
        15 11 10
          16 10 9
            17 9 8
            0
          0
          17 8 7
          0
        0
        16 6 5
          17 5 4
          0
        0
      0
      13 7 6
        16 4 5
        0
        17 2 3
        0
      0
    0
    10 17 16
      11 16 15
        12 15 14
          13 14 13
            16 11 12
            0
            17 9 10
            0
          0
          14 13 12
            16 11 11
              17 10 10
              0
            0
            17 9 9
            0
          0
          15 11 10
            16 10 9
              17 9 8
              0
            0
            17 8 7
            0
          0
          16 6 5
            17 5 4
            0
          0
        0
        13 13 12
          16 10 11
          0
          17 8 9
          0
        0
        14 10 9
          16 8 8
            17 7 7
            0
          0
          17 6 6
          0
        0
        15 4 3
          16 3 2
            17 2 1
            0
          0
          17 1 0
          0
        0
      0
      12 14 13
        13 13 12
          16 10 11
          0
          17 8 9
          0
        0
        14 12 11
          16 10 10
            17 9 9
            0
          0
          17 8 8
          0
        0
        15 10 9
          16 9 8
            17 8 7
            0
          0
          17 7 6
          0
        0
        16 5 4
          17 4 3
          0
        0
      0
      13 10 9
        16 7 8
        0
        17 5 6
        0
      0
      14 3 2
        16 1 1
          17 0 0
          1
        1
      1
    1
    11 7 6
      12 6 5
        13 5 4
          16 2 3
          0
          17 0 1
          0
        0
        14 4 3
          16 2 2
            17 1 1
            0
          0
          17 0 0
          1
        1
        15 2 1
          16 1 0
          0
        0
      1
      13 4 3
        16 1 2
        0
      0
      14 1 0
      0
    1
  4
  2 30 24
    7 25 23
      10 22 22
        11 21 21
          12 20 20
            13 19 19
              16 16 18
              0
              17 14 16
              0
            0
            14 18 18
              16 16 17
              0
              17 14 15
              0
            0
            15 16 16
              16 15 15
                17 14 14
                0
              0
              17 13 13
              0
            0
            16 11 11
              17 10 10
              0
            0
            17 1 1
            0
          0
          13 18 18
            16 15 17
            0
            17 13 15
            0
          0
          14 15 15
            16 13 14
            0
            17 11 12
            0
          0
          15 9 9
            16 8 8
              17 7 7
              0
            0
            17 6 6
            0
          0
        0
        12 19 19
          13 18 18
            16 15 17
            0
            17 13 15
            0
          0
          14 17 17
            16 15 16
            0
            17 13 14
            0
          0
          15 15 15
            16 14 14
              17 13 13
              0
            0
            17 12 12
            0
          0
          16 10 10
            17 9 9
            0
          0
          17 0 0
          1
        1
        13 15 15
          16 12 14
          0
          17 10 12
          0
        0
        14 8 8
          16 6 7
          0
          17 4 5
          0
        0
      1
      11 20 20
        12 19 19
          13 18 18
            16 15 17
            0
            17 13 15
            0
          0
          14 17 17
            16 15 16
            0
            17 13 14
            0
          0
          15 15 15
            16 14 14
              17 13 13
              0
            0
            17 12 12
            0
          0
          16 10 10
            17 9 9
            0
          0
          17 0 0
          1
        1
        13 17 17
          16 14 16
          0
          17 12 14
          0
        0
        14 14 14
          16 12 13
          0
          17 10 11
          0
        0
        15 8 8
          16 7 7
            17 6 6
            0
          0
          17 5 5
          0
        0
      1
      12 16 16
        13 15 15
          16 12 14
          0
          17 10 12
          0
        0
        14 14 14
          16 12 13
          0
          17 10 11
          0
        0
        15 12 12
          16 11 11
            17 10 10
            0
          0
          17 9 9
          0
        0
        16 7 7
          17 6 6
          0
        0
      0
      13 8 8
        16 5 7
        0
        17 3 5
        0
      0
    2
    8 24 22
      10 22 21
        11 21 20
          12 20 19
            13 19 18
              16 16 17
              0
              17 14 15
              0
            0
            14 18 17
              16 16 16
                17 15 15
                0
              0
              17 14 14
              0
            0
            15 16 15
              16 15 14
                17 14 13
                0
              0
              17 13 12
              0
            0
            16 11 10
              17 10 9
              0
            0
            17 1 0
            0
          0
          13 18 17
            16 15 16
            0
            17 13 14
            0
          0
          14 15 14
            16 13 13
              17 12 12
              0
            0
            17 11 11
            0
          0
          15 9 8
            16 8 7
              17 7 6
              0
            0
            17 6 5
            0
          0
        0
        12 19 18
          13 18 17
            16 15 16
            0
            17 13 14
            0
          0
          14 17 16
            16 15 15
              17 14 14
              0
            0
            17 13 13
            0
          0
          15 15 14
            16 14 13
              17 13 12
              0
            0
            17 12 11
            0
          0
          16 10 9
            17 9 8
            0
          0
        0
        13 15 14
          16 12 13
          0
          17 10 11
          0
        0
        14 8 7
          16 6 6
            17 5 5
            0
          0
          17 4 4
          0
        0
      0
      11 20 19
        12 19 18
          13 18 17
            16 15 16
            0
            17 13 14
            0
          0
          14 17 16
            16 15 15
              17 14 14
              0
            0
            17 13 13
            0
          0
          15 15 14
            16 14 13
              17 13 12
              0
            0
            17 12 11
            0
          0
          16 10 9
            17 9 8
            0
          0
        0
        13 17 16
          16 14 15
          0
          17 12 13
          0
        0
        14 14 13
          16 12 12
            17 11 11
            0
          0
          17 10 10
          0
        0
        15 8 7
          16 7 6
            17 6 5
            0
          0
          17 5 4
          0
        0
      0
      12 16 15
        13 15 14
          16 12 13
          0
          17 10 11
          0
        0
        14 14 13
          16 12 12
            17 11 11
            0
          0
          17 10 10
          0
        0
        15 12 11
          16 11 10
            17 10 9
            0
          0
          17 9 8
          0
        0
        16 7 6
          17 6 5
          0
        0
      0
      13 8 7
        16 5 6
        0
        17 3 4
        0
      0
    0
    9 22 20
      10 21 19
        11 20 18
          12 19 17
            13 18 16
              16 15 15
                17 14 14
                0
              0
              17 13 13
              0
            0
            14 17 15
              16 15 14
                17 14 13
                0
              0
              17 13 12
              0
            0
            15 15 13
              16 14 12
                17 13 11
                0
              0
              17 12 10
              0
            0
            16 10 8
              17 9 7
              0
            0
          0
          13 17 15
            16 14 14
              17 13 13
              0
            0
            17 12 12
            0
          0
          14 14 12
            16 12 11
              17 11 10
              0
            0
            17 10 9
            0
          0
          15 8 6
            16 7 5
              17 6 4
              0
            0
            17 5 3
            0
          0
        0
        12 18 16
          13 17 15
            16 14 14
              17 13 13
              0
            0
            17 12 12
            0
          0
          14 16 14
            16 14 13
              17 13 12
              0
            0
            17 12 11
            0
          0
          15 14 12
            16 13 11
              17 12 10
              0
            0
            17 11 9
            0
          0
          16 9 7
            17 8 6
            0
          0
        0
        13 14 12
          16 11 11
            17 10 10
            0
          0
          17 9 9
          0
        0
        14 7 5
          16 5 4
            17 4 3
            0
          0
          17 3 2
          0
        0
      0
      11 19 17
        12 18 16
          13 17 15
            16 14 14
              17 13 13
              0
            0
            17 12 12
            0
          0
          14 16 14
            16 14 13
              17 13 12
              0
            0
            17 12 11
            0
          0
          15 14 12
            16 13 11
              17 12 10
              0
            0
            17 11 9
            0
          0
          16 9 7
            17 8 6
            0
          0
        0
        13 16 14
          16 13 13
            17 12 12
            0
          0
          17 11 11
          0
        0
        14 13 11
          16 11 10
            17 10 9
            0
          0
          17 9 8
          0
        0
        15 7 5
          16 6 4
            17 5 3
            0
          0
          17 4 2
          0
        0
      0
      12 15 13
        13 14 12
          16 11 11
            17 10 10
            0
          0
          17 9 9
          0
        0
        14 13 11
          16 11 10
            17 10 9
            0
          0
          17 9 8
          0
        0
        15 11 9
          16 10 8
            17 9 7
            0
          0
          17 8 6
          0
        0
        16 6 4
          17 5 3
          0
        0
      0
      13 7 5
        16 4 4
          17 3 3
          0
        0
        17 2 2
        0
      0
    0
    10 17 15
      11 16 14
        12 15 13
          13 14 12
            16 11 11
              17 10 10
              0
            0
            17 9 9
            0
          0
          14 13 11
            16 11 10
              17 10 9
              0
            0
            17 9 8
            0
          0
          15 11 9
            16 10 8
              17 9 7
              0
            0
            17 8 6
            0
          0
          16 6 4
            17 5 3
            0
          0
        0
        13 13 11
          16 10 10
            17 9 9
            0
          0
          17 8 8
          0
        0
        14 10 8
          16 8 7
            17 7 6
            0
          0
          17 6 5
          0
        0
        15 4 2
          16 3 1
            17 2 0
            0
          0
        0
      0
      12 14 12
        13 13 11
          16 10 10
            17 9 9
            0
          0
          17 8 8
          0
        0
        14 12 10
          16 10 9
            17 9 8
            0
          0
          17 8 7
          0
        0
        15 10 8
          16 9 7
            17 8 6
            0
          0
          17 7 5
          0
        0
        16 5 3
          17 4 2
          0
        0
      0
      13 10 8
        16 7 7
          17 6 6
          0
        0
        17 5 5
        0
      0
      14 3 1
        16 1 0
        0
      0
    0
    11 7 5
      12 6 4
        13 5 3
          16 2 2
            17 1 1
            0
          0
          17 0 0
          1
        1
        14 4 2
          16 2 1
            17 1 0
            0
          0
        0
        15 2 0
        0
      1
      13 4 2
        16 1 1
          17 0 0
          1
        1
      1
    2
  4
  3 28 22
    7 24 21
      10 21 20
        11 20 19
          12 19 18
            13 18 17
              16 15 16
              0
              17 13 14
              0
            0
            14 17 16
              16 15 15
                17 14 14
                0
              0
              17 13 13
              0
            0
            15 15 14
              16 14 13
                17 13 12
                0
              0
              17 12 11
              0
            0
            16 10 9
              17 9 8
              0
            0
          0
          13 17 16
            16 14 15
            0
            17 12 13
            0
          0
          14 14 13
            16 12 12
              17 11 11
              0
            0
            17 10 10
            0
          0
          15 8 7
            16 7 6
              17 6 5
              0
            0
            17 5 4
            0
          0
        0
        12 18 17
          13 17 16
            16 14 15
            0
            17 12 13
            0
          0
          14 16 15
            16 14 14
              17 13 13
              0
            0
            17 12 12
            0
          0
          15 14 13
            16 13 12
              17 12 11
              0
            0
            17 11 10
            0
          0
          16 9 8
            17 8 7
            0
          0
        0
        13 14 13
          16 11 12
          0
          17 9 10
          0
        0
        14 7 6
          16 5 5
            17 4 4
            0
          0
          17 3 3
          0
        0
      0
      11 19 18
        12 18 17
          13 17 16
            16 14 15
            0
            17 12 13
            0
          0
          14 16 15
            16 14 14
              17 13 13
              0
            0
            17 12 12
            0
          0
          15 14 13
            16 13 12
              17 12 11
              0
            0
            17 11 10
            0
          0
          16 9 8
            17 8 7
            0
          0
        0
        13 16 15
          16 13 14
          0
          17 11 12
          0
        0
        14 13 12
          16 11 11
            17 10 10
            0
          0
          17 9 9
          0
        0
        15 7 6
          16 6 5
            17 5 4
            0
          0
          17 4 3
          0
        0
      0
      12 15 14
        13 14 13
          16 11 12
          0
          17 9 10
          0
        0
        14 13 12
          16 11 11
            17 10 10
            0
          0
          17 9 9
          0
        0
        15 11 10
          16 10 9
            17 9 8
            0
          0
          17 8 7
          0
        0
        16 6 5
          17 5 4
          0
        0
      0
      13 7 6
        16 4 5
        0
        17 2 3
        0
      0
    0
    8 23 20
      10 21 19
        11 20 18
          12 19 17
            13 18 16
              16 15 15
                17 14 14
                0
              0
              17 13 13
              0
            0
            14 17 15
              16 15 14
                17 14 13
                0
              0
              17 13 12
              0
            0
            15 15 13
              16 14 12
                17 13 11
                0
              0
              17 12 10
              0
            0
            16 10 8
              17 9 7
              0
            0
          0
          13 17 15
            16 14 14
              17 13 13
              0
            0
            17 12 12
            0
          0
          14 14 12
            16 12 11
              17 11 10
              0
            0
            17 10 9
            0
          0
          15 8 6
            16 7 5
              17 6 4
              0
            0
            17 5 3
            0
          0
        0
        12 18 16
          13 17 15
            16 14 14
              17 13 13
              0
            0
            17 12 12
            0
          0
          14 16 14
            16 14 13
              17 13 12
              0
            0
            17 12 11
            0
          0
          15 14 12
            16 13 11
              17 12 10
              0
            0
            17 11 9
            0
          0
          16 9 7
            17 8 6
            0
          0
        0
        13 14 12
          16 11 11
            17 10 10
            0
          0
          17 9 9
          0
        0
        14 7 5
          16 5 4
            17 4 3
            0
          0
          17 3 2
          0
        0
      0
      11 19 17
        12 18 16
          13 17 15
            16 14 14
              17 13 13
              0
            0
            17 12 12
            0
          0
          14 16 14
            16 14 13
              17 13 12
              0
            0
            17 12 11
            0
          0
          15 14 12
            16 13 11
              17 12 10
              0
            0
            17 11 9
            0
          0
          16 9 7
            17 8 6
            0
          0
        0
        13 16 14
          16 13 13
            17 12 12
            0
          0
          17 11 11
          0
        0
        14 13 11
          16 11 10
            17 10 9
            0
          0
          17 9 8
          0
        0
        15 7 5
          16 6 4
            17 5 3
            0
          0
          17 4 2
          0
        0
      0
      12 15 13
        13 14 12
          16 11 11
            17 10 10
            0
          0
          17 9 9
          0
        0
        14 13 11
          16 11 10
            17 10 9
            0
          0
          17 9 8
          0
        0
        15 11 9
          16 10 8
            17 9 7
            0
          0
          17 8 6
          0
        0
        16 6 4
          17 5 3
          0
        0
      0
      13 7 5
        16 4 4
          17 3 3
          0
        0
        17 2 2
        0
      0
    0
    9 21 18
      10 20 17
        11 19 16
          12 18 15
            13 17 14
              16 14 13
                17 13 12
                0
              0
              17 12 11
              0
            0
            14 16 13
              16 14 12
                17 13 11
                0
              0
              17 12 10
              0
            0
            15 14 11
              16 13 10
                17 12 9
                0
              0
              17 11 8
              0
            0
            16 9 6
              17 8 5
              0
            0
          0
          13 16 13
            16 13 12
              17 12 11
              0
            0
            17 11 10
            0
          0
          14 13 10
            16 11 9
              17 10 8
              0
            0
            17 9 7
            0
          0
          15 7 4
            16 6 3
              17 5 2
              0
            0
            17 4 1
            0
          0
        0
        12 17 14
          13 16 13
            16 13 12
              17 12 11
              0
            0
            17 11 10
            0
          0
          14 15 12
            16 13 11
              17 12 10
              0
            0
            17 11 9
            0
          0
          15 13 10
            16 12 9
              17 11 8
              0
            0
            17 10 7
            0
          0
          16 8 5
            17 7 4
            0
          0
        0
        13 13 10
          16 10 9
            17 9 8
            0
          0
          17 8 7
          0
        0
        14 6 3
          16 4 2
            17 3 1
            0
          0
          17 2 0
          0
        0
      0
      11 18 15
        12 17 14
          13 16 13
            16 13 12
              17 12 11
              0
            0
            17 11 10
            0
          0
          14 15 12
            16 13 11
              17 12 10
              0
            0
            17 11 9
            0
          0
          15 13 10
            16 12 9
              17 11 8
              0
            0
            17 10 7
            0
          0
          16 8 5
            17 7 4
            0
          0
        0
        13 15 12
          16 12 11
            17 11 10
            0
          0
          17 10 9
          0
        0
        14 12 9
          16 10 8
            17 9 7
            0
          0
          17 8 6
          0
        0
        15 6 3
          16 5 2
            17 4 1
            0
          0
          17 3 0
          0
        0
      0
      12 14 11
        13 13 10
          16 10 9
            17 9 8
            0
          0
          17 8 7
          0
        0
        14 12 9
          16 10 8
            17 9 7
            0
          0
          17 8 6
          0
        0
        15 10 7
          16 9 6
            17 8 5
            0
          0
          17 7 4
          0
        0
        16 5 2
          17 4 1
          0
        0
      0
      13 6 3
        16 3 2
          17 2 1
          0
        0
        17 1 0
        0
      0
    0
    10 16 13
      11 15 12
        12 14 11
          13 13 10
            16 10 9
              17 9 8
              0
            0
            17 8 7
            0
          0
          14 12 9
            16 10 8
              17 9 7
              0
            0
            17 8 6
            0
          0
          15 10 7
            16 9 6
              17 8 5
              0
            0
            17 7 4
            0
          0
          16 5 2
            17 4 1
            0
          0
        0
        13 12 9
          16 9 8
            17 8 7
            0
          0
          17 7 6
          0
        0
        14 9 6
          16 7 5
            17 6 4
            0
          0
          17 5 3
          0
        0
        15 3 0
        0
      0
      12 13 10
        13 12 9
          16 9 8
            17 8 7
            0
          0
          17 7 6
          0
        0
        14 11 8
          16 9 7
            17 8 6
            0
          0
          17 7 5
          0
        0
        15 9 6
          16 8 5
            17 7 4
            0
          0
          17 6 3
          0
        0
        16 4 1
          17 3 0
          0
        0
      0
      13 9 6
        16 6 5
          17 5 4
          0
        0
        17 4 3
        0
      0
    0
    11 6 3
      12 5 2
        13 4 1
          16 1 0
          0
        0
        14 3 0
        0
      0
      13 3 0
      0
    0
  0
  4 24 18
    7 21 17
      10 18 16
        11 17 15
          12 16 14
            13 15 13
              16 12 12
                17 11 11
                0
              0
              17 10 10
              0
            0
            14 14 12
              16 12 11
                17 11 10
                0
              0
              17 10 9
              0
            0
            15 12 10
              16 11 9
                17 10 8
                0
              0
              17 9 7
              0
            0
            16 7 5
              17 6 4
              0
            0
          0
          13 14 12
            16 11 11
              17 10 10
              0
            0
            17 9 9
            0
          0
          14 11 9
            16 9 8
              17 8 7
              0
            0
            17 7 6
            0
          0
          15 5 3
            16 4 2
              17 3 1
              0
            0
            17 2 0
            0
          0
        0
        12 15 13
          13 14 12
            16 11 11
              17 10 10
              0
            0
            17 9 9
            0
          0
          14 13 11
            16 11 10
              17 10 9
              0
            0
            17 9 8
            0
          0
          15 11 9
            16 10 8
              17 9 7
              0
            0
            17 8 6
            0
          0
          16 6 4
            17 5 3
            0
          0
        0
        13 11 9
          16 8 8
            17 7 7
            0
          0
          17 6 6
          0
        0
        14 4 2
          16 2 1
            17 1 0
            0
          0
        0
      0
      11 16 14
        12 15 13
          13 14 12
            16 11 11
              17 10 10
              0
            0
            17 9 9
            0
          0
          14 13 11
            16 11 10
              17 10 9
              0
            0
            17 9 8
            0
          0
          15 11 9
            16 10 8
              17 9 7
              0
            0
            17 8 6
            0
          0
          16 6 4
            17 5 3
            0
          0
        0
        13 13 11
          16 10 10
            17 9 9
            0
          0
          17 8 8
          0
        0
        14 10 8
          16 8 7
            17 7 6
            0
          0
          17 6 5
          0
        0
        15 4 2
          16 3 1
            17 2 0
            0
          0
        0
      0
      12 12 10
        13 11 9
          16 8 8
            17 7 7
            0
          0
          17 6 6
          0
        0
        14 10 8
          16 8 7
            17 7 6
            0
          0
          17 6 5
          0
        0
        15 8 6
          16 7 5
            17 6 4
            0
          0
          17 5 3
          0
        0
        16 3 1
          17 2 0
          0
        0
      0
      13 4 2
        16 1 1
          17 0 0
          1
        1
      1
    1
    8 20 16
      10 18 15
        11 17 14
          12 16 13
            13 15 12
              16 12 11
                17 11 10
                0
              0
              17 10 9
              0
            0
            14 14 11
              16 12 10
                17 11 9
                0
              0
              17 10 8
              0
            0
            15 12 9
              16 11 8
                17 10 7
                0
              0
              17 9 6
              0
            0
            16 7 4
              17 6 3
              0
            0
          0
          13 14 11
            16 11 10
              17 10 9
              0
            0
            17 9 8
            0
          0
          14 11 8
            16 9 7
              17 8 6
              0
            0
            17 7 5
            0
          0
          15 5 2
            16 4 1
              17 3 0
              0
            0
          0
        0
        12 15 12
          13 14 11
            16 11 10
              17 10 9
              0
            0
            17 9 8
            0
          0
          14 13 10
            16 11 9
              17 10 8
              0
            0
            17 9 7
            0
          0
          15 11 8
            16 10 7
              17 9 6
              0
            0
            17 8 5
            0
          0
          16 6 3
            17 5 2
            0
          0
        0
        13 11 8
          16 8 7
            17 7 6
            0
          0
          17 6 5
          0
        0
        14 4 1
          16 2 0
          0
        0
      0
      11 16 13
        12 15 12
          13 14 11
            16 11 10
              17 10 9
              0
            0
            17 9 8
            0
          0
          14 13 10
            16 11 9
              17 10 8
              0
            0
            17 9 7
            0
          0
          15 11 8
            16 10 7
              17 9 6
              0
            0
            17 8 5
            0
          0
          16 6 3
            17 5 2
            0
          0
        0
        13 13 10
          16 10 9
            17 9 8
            0
          0
          17 8 7
          0
        0
        14 10 7
          16 8 6
            17 7 5
            0
          0
          17 6 4
          0
        0
        15 4 1
          16 3 0
          0
        0
      0
      12 12 9
        13 11 8
          16 8 7
            17 7 6
            0
          0
          17 6 5
          0
        0
        14 10 7
          16 8 6
            17 7 5
            0
          0
          17 6 4
          0
        0
        15 8 5
          16 7 4
            17 6 3
            0
          0
          17 5 2
          0
        0
        16 3 0
        0
      0
      13 4 1
        16 1 0
        0
      0
    0
    9 18 14
      10 17 13
        11 16 12
          12 15 11
            13 14 10
              16 11 9
                17 10 8
                0
              0
              17 9 7
              0
            0
            14 13 9
              16 11 8
                17 10 7
                0
              0
              17 9 6
              0
            0
            15 11 7
              16 10 6
                17 9 5
                0
              0
              17 8 4
              0
            0
            16 6 2
              17 5 1
              0
            0
          0
          13 13 9
            16 10 8
              17 9 7
              0
            0
            17 8 6
            0
          0
          14 10 6
            16 8 5
              17 7 4
              0
            0
            17 6 3
            0
          0
          15 4 0
          0
        0
        12 14 10
          13 13 9
            16 10 8
              17 9 7
              0
            0
            17 8 6
            0
          0
          14 12 8
            16 10 7
              17 9 6
              0
            0
            17 8 5
            0
          0
          15 10 6
            16 9 5
              17 8 4
              0
            0
            17 7 3
            0
          0
          16 5 1
            17 4 0
            0
          0
        0
        13 10 6
          16 7 5
            17 6 4
            0
          0
          17 5 3
          0
        0
      0
      11 15 11
        12 14 10
          13 13 9
            16 10 8
              17 9 7
              0
            0
            17 8 6
            0
          0
          14 12 8
            16 10 7
              17 9 6
              0
            0
            17 8 5
            0
          0
          15 10 6
            16 9 5
              17 8 4
              0
            0
            17 7 3
            0
          0
          16 5 1
            17 4 0
            0
          0
        0
        13 12 8
          16 9 7
            17 8 6
            0
          0
          17 7 5
          0
        0
        14 9 5
          16 7 4
            17 6 3
            0
          0
          17 5 2
          0
        0
      0
      12 11 7
        13 10 6
          16 7 5
            17 6 4
            0
          0
          17 5 3
          0
        0
        14 9 5
          16 7 4
            17 6 3
            0
          0
          17 5 2
          0
        0
        15 7 3
          16 6 2
            17 5 1
            0
          0
          17 4 0
          0
        0
      0
    0
    10 13 9
      11 12 8
        12 11 7
          13 10 6
            16 7 5
              17 6 4
              0
            0
            17 5 3
            0
          0
          14 9 5
            16 7 4
              17 6 3
              0
            0
            17 5 2
            0
          0
          15 7 3
            16 6 2
              17 5 1
              0
            0
            17 4 0
            0
          0
        0
        13 9 5
          16 6 4
            17 5 3
            0
          0
          17 4 2
          0
        0
        14 6 2
          16 4 1
            17 3 0
            0
          0
        0
      0
      12 10 6
        13 9 5
          16 6 4
            17 5 3
            0
          0
          17 4 2
          0
        0
        14 8 4
          16 6 3
            17 5 2
            0
          0
          17 4 1
          0
        0
        15 6 2
          16 5 1
            17 4 0
            0
          0
        0
      0
      13 6 2
        16 3 1
          17 2 0
          0
        0
      0
    0
  1
  5 16 10
    7 14 9
      10 11 8
        11 10 7
          12 9 6
            13 8 5
              16 5 4
                17 4 3
                0
              0
              17 3 2
              0
            0
            14 7 4
              16 5 3
                17 4 2
                0
              0
              17 3 1
              0
            0
            15 5 2
              16 4 1
                17 3 0
                0
              0
            0
          0
          13 7 4
            16 4 3
              17 3 2
              0
            0
            17 2 1
            0
          0
          14 4 1
            16 2 0
            0
          0
        0
        12 8 5
          13 7 4
            16 4 3
              17 3 2
              0
            0
            17 2 1
            0
          0
          14 6 3
            16 4 2
              17 3 1
              0
            0
            17 2 0
            0
          0
          15 4 1
            16 3 0
            0
          0
        0
        13 4 1
          16 1 0
          0
        0
      0
      11 9 6
        12 8 5
          13 7 4
            16 4 3
              17 3 2
              0
            0
            17 2 1
            0
          0
          14 6 3
            16 4 2
              17 3 1
              0
            0
            17 2 0
            0
          0
          15 4 1
            16 3 0
            0
          0
        0
        13 6 3
          16 3 2
            17 2 1
            0
          0
          17 1 0
          0
        0
        14 3 0
        0
      0
      12 5 2
        13 4 1
          16 1 0
          0
        0
        14 3 0
        0
      0
    0
    8 13 8
      10 11 7
        11 10 6
          12 9 5
            13 8 4
              16 5 3
                17 4 2
                0
              0
              17 3 1
              0
            0
            14 7 3
              16 5 2
                17 4 1
                0
              0
              17 3 0
              0
            0
            15 5 1
              16 4 0
              0
            0
          0
          13 7 3
            16 4 2
              17 3 1
              0
            0
            17 2 0
            0
          0
          14 4 0
          0
        0
        12 8 4
          13 7 3
            16 4 2
              17 3 1
              0
            0
            17 2 0
            0
          0
          14 6 2
            16 4 1
              17 3 0
              0
            0
          0
          15 4 0
          0
        0
        13 4 0
        0
      0
      11 9 5
        12 8 4
          13 7 3
            16 4 2
              17 3 1
              0
            0
            17 2 0
            0
          0
          14 6 2
            16 4 1
              17 3 0
              0
            0
          0
          15 4 0
          0
        0
        13 6 2
          16 3 1
            17 2 0
            0
          0
        0
      0
      12 5 1
        13 4 0
        0
      0
    0
    9 11 6
      10 10 5
        11 9 4
          12 8 3
            13 7 2
              16 4 1
                17 3 0
                0
              0
            0
            14 6 1
              16 4 0
              0
            0
          0
          13 6 1
            16 3 0
            0
          0
        0
        12 7 2
          13 6 1
            16 3 0
            0
          0
          14 5 0
          0
        0
      0
      11 8 3
        12 7 2
          13 6 1
            16 3 0
            0
          0
          14 5 0
          0
        0
        13 5 0
        0
      0
    0
    10 6 1
      11 5 0
      0
    0
  0
